Id,SalePrice
1461,140287.67
1462,362818.94
1463,115460.52
1464,155726.7
1465,310617.47
1466,84610.516
1467,226965.77
1468,146219.6
1469,86375.78
1470,131686.27
1471,152977.7
1472,119385.36
1473,123220.734
1474,196066.77
1475,171269.05
1476,128662.22
1477,197255.3
1478,139749.95
1479,130035.68
1480,217961.19
1481,162453.39
1482,244208.7
1483,172393.83
1484,137480.19
1485,211226.67
1486,174494.56
1487,193742.89
1488,108469.96
1489,177844.48
1490,204656.33
1491,115524.39
1492,238688.97
1493,181174.75
1494,116008.51
1495,242371.78
1496,143169.8
1497,136401.2
1498,194602.64
1499,320284.78
1500,111556.07
1501,132654.39
1502,233057.2
1503,115784.016
1504,375071.62
1505,131279.92
1506,133891.12
1507,111235.68
1508,121570.32
1509,386753.4
1510,126598.836
1511,117454.39
1512,197559.97
1513,113978.38
1514,308051.7
1515,149064.77
1516,269895.6
1517,207194.31
1518,150561.81
1519,135540.55
1520,109054.91
1521,69822.53
1522,164671.06
1523,318930.0
1524,296633.25
1525,284227.16
1526,242639.75
1527,117075.13
1528,303545.38
1529,116201.37
1530,170315.62
1531,118980.77
1532,128392.02
1533,116565.79
1534,82358.24
1535,483709.9
1536,167740.67
1537,311985.38
1538,322493.75
1539,149351.25
1540,127576.195
1541,95088.59
1542,71770.625
1543,112783.74
1544,107491.586
1545,158682.38
1546,128827.51
1547,264401.2
1548,193647.97
1549,141898.95
1550,172125.77
1551,146306.66
1552,138976.86
1553,125516.92
1554,290535.12
1555,104843.66
1556,177817.14
1557,195329.86
1558,177605.83
1559,209990.14
1560,234143.33
1561,174932.78
1562,208333.69
1563,250317.9
1564,146012.05
1565,198950.58
1566,121116.766
1567,150136.27
1568,297656.28
1569,139759.03
1570,151860.33
1571,63099.33
1572,133040.78
1573,142152.1
1574,120930.36
1575,199075.22
1576,113035.62
1577,112906.43
1578,104984.8
1579,125661.06
1580,267762.3
1581,130488.74
1582,136044.27
1583,171086.36
1584,203326.27
1585,129143.26
1586,126838.55
1587,233564.73
1588,114996.93
1589,149373.44
1590,178957.92
1591,188202.95
1592,398676.8
1593,195947.34
1594,130494.6
1595,49001.1
1596,342184.84
1597,384683.53
1598,129510.45
1599,215866.1
1600,622062.8
1601,350811.7
1602,120408.55
1603,179542.05
1604,151172.7
1605,111738.18
1606,130081.88
1607,238067.14
1608,197969.78
1609,125435.2
1610,73935.86
1611,98726.33
1612,146276.6
1613,163639.1
1614,164878.8
1615,106168.984
1616,123204.42
1617,148483.83
1618,142531.0
1619,89129.734
1620,133919.97
1621,210731.05
1622,139881.83
1623,297545.84
1624,157535.47
1625,115941.79
1626,97974.42
1627,220203.75
1628,379190.3
1629,448623.53
1630,238311.06
1631,371319.2
1632,99740.4
1633,115362.88
1634,152922.42
1635,349420.16
1636,159276.86
1637,136327.7
1638,226269.16
1639,118989.99
1640,157062.84
1641,160424.95
1642,70905.12
1643,135374.7
1644,133857.14
1645,274607.62
1646,150115.27
1647,292909.06
1648,197742.2
1649,200366.97
1650,86144.43
1651,109237.1
1652,114778.35
1653,129058.68
1654,186963.89
1655,183795.3
1656,168779.61
1657,230933.97
1658,91955.4
1659,182188.02
1660,115039.086
1661,207623.38
1662,190094.64
1663,120668.06
1664,323102.8
1665,184106.11
1666,115984.12
1667,242837.69
1668,138618.22
1669,148106.58
1670,106454.78
1671,191977.45
1672,149959.8
1673,119074.336
1674,158138.05
1675,189311.14
1676,269766.7
1677,203039.95
1678,147433.34
1679,119243.59
1680,126713.625
1681,137675.78
1682,220065.36
1683,222849.83
1684,97101.91
1685,255395.78
1686,149586.38
1687,101606.34
1688,107366.36
1689,152538.28
1690,104589.08
1691,104367.016
1692,177735.02
1693,96021.2
1694,138158.75
1695,231011.69
1696,139164.77
1697,194416.05
1698,147525.44
1699,251417.47
1700,115266.52
1701,129612.07
1702,241451.1
1703,204957.36
1704,373491.88
1705,188343.39
1706,120276.74
1707,168370.92
1708,163820.27
1709,143385.33
1710,104369.664
1711,161958.98
1712,174173.55
1713,144361.92
1714,102789.92
1715,140517.2
1716,145382.25
1717,107343.484
1718,106873.35
1719,176550.62
1720,281284.2
1721,336512.22
1722,164699.12
1723,129168.57
1724,212003.81
1725,300849.22
1726,199837.22
1727,167123.03
1728,140430.89
1729,108895.055
1730,184992.08
1731,336396.38
1732,211785.22
1733,250082.81
1734,90582.16
1735,94654.555
1736,150167.56
1737,129336.164
1738,298786.47
1739,195676.53
1740,134390.86
1741,200243.58
1742,91068.89
1743,195016.69
1744,108724.01
1745,302715.34
1746,181927.77
1747,221794.02
1748,111782.41
1749,250126.3
1750,181557.53
1751,125137.31
1752,117985.516
1753,131450.28
1754,167672.0
1755,96504.81
1756,152562.95
1757,148292.25
1758,128537.64
1759,184097.83
1760,113610.836
1761,171738.84
1762,258027.36
1763,112346.05
1764,150279.75
1765,189025.92
1766,193611.16
1767,157083.19
1768,216747.39
1769,202276.84
1770,130440.05
1771,170090.97
1772,218262.86
1773,88902.18
1774,175116.92
1775,137400.1
1776,170354.05
1777,183531.17
1778,171168.62
1779,282932.56
1780,85069.9
1781,211391.56
1782,144948.33
1783,129882.19
1784,87736.52
1785,175768.81
1786,168224.39
1787,126411.48
1788,196151.3
1789,176707.3
1790,102432.78
1791,147946.48
1792,144048.64
1793,131417.7
1794,222772.08
1795,178048.25
1796,125111.97
1797,123737.6
1798,116109.38
1799,95488.195
1800,214043.39
1801,178540.06
1802,138258.97
1803,129618.86
1804,179821.05
1805,210813.14
1806,338503.34
1807,374425.2
1808,112243.266
1809,206005.98
1810,127848.484
1811,306071.3
1812,400600.16
1813,303827.8
1814,164797.3
1815,258959.39
1816,142142.16
1817,128266.73
1818,101499.81
1819,195830.83
1820,357975.4
1821,189980.67
1822,136511.5
1823,245156.86
1824,226992.8
1825,134388.16
1826,183656.67
1827,197727.5
1828,102334.625
1829,155705.9
1830,141088.97
1831,128628.42
1832,177538.11
1833,128358.48
1834,252733.25
1835,173608.84
1836,135037.25
1837,229098.58
1838,212758.44
1839,97392.96
1840,207731.27
1841,144262.56
1842,166468.77
1843,201037.86
1844,157841.0
1845,128920.28
1846,235210.92
1847,136078.8
1848,132161.67
1849,300148.8
1850,191522.69
1851,117762.3
1852,152856.03
1853,142115.25
1854,343293.25
1855,161690.17
1856,429278.0
1857,130466.305
1858,156723.84
1859,175933.2
1860,132743.53
1861,169338.5
1862,366786.72
1863,115956.43
1864,146640.3
1865,156374.6
1866,112039.19
1867,195019.89
1868,115739.58
1869,231002.48
1870,186822.67
1871,206992.06
1872,211866.94
1873,81330.47
1874,302191.22
1875,150150.1
1876,338430.62
1877,114940.734
1878,344163.25
1879,273445.34
1880,128647.36
1881,213307.94
1882,250605.03
1883,188210.39
1884,173118.28
1885,259475.19
1886,121553.45
1887,191395.27
1888,179279.47
1889,170639.73
1890,230004.69
1891,123711.39
1892,156129.7
1893,201272.1
1894,143691.61
1895,131309.38
1896,215562.38
1897,144382.56
1898,505169.9
1899,
1900,
1901,
1902,
1903,
1904,
1905,
1906,
1907,
1908,
1909,
1910,
1911,
1912,
1913,
1914,
1915,
1916,
1917,
1918,
1919,
1920,
1921,
1922,
1923,
1924,
1925,
1926,
1927,
1928,
1929,
1930,
1931,
1932,
1933,
1934,
1935,
1936,
1937,
1938,
1939,
1940,
1941,
1942,
1943,
1944,
1945,
1946,
1947,
1948,
1949,
1950,
1951,
1952,
1953,
1954,
1955,
1956,
1957,
1958,
1959,
1960,
1961,
1962,
1963,
1964,
1965,
1966,
1967,
1968,
1969,
1970,
1971,
1972,
1973,
1974,
1975,
1976,
1977,
1978,
1979,
1980,
1981,
1982,
1983,
1984,
1985,
1986,
1987,
1988,
1989,
1990,
1991,
1992,
1993,
1994,
1995,
1996,
1997,
1998,
1999,
2000,
2001,
2002,
2003,
2004,
2005,
2006,
2007,
2008,
2009,
2010,
2011,
2012,
2013,
2014,
2015,
2016,
2017,
2018,
2019,
2020,
2021,
2022,
2023,
2024,
2025,
2026,
2027,
2028,
2029,
2030,
2031,
2032,
2033,
2034,
2035,
2036,
2037,
2038,
2039,
2040,
2041,
2042,
2043,
2044,
2045,
2046,
2047,
2048,
2049,
2050,
2051,
2052,
2053,
2054,
2055,
2056,
2057,
2058,
2059,
2060,
2061,
2062,
2063,
2064,
2065,
2066,
2067,
2068,
2069,
2070,
2071,
2072,
2073,
2074,
2075,
2076,
2077,
2078,
2079,
2080,
2081,
2082,
2083,
2084,
2085,
2086,
2087,
2088,
2089,
2090,
2091,
2092,
2093,
2094,
2095,
2096,
2097,
2098,
2099,
2100,
2101,
2102,
2103,
2104,
2105,
2106,
2107,
2108,
2109,
2110,
2111,
2112,
2113,
2114,
2115,
2116,
2117,
2118,
2119,
2120,
2121,
2122,
2123,
2124,
2125,
2126,
2127,
2128,
2129,
2130,
2131,
2132,
2133,
2134,
2135,
2136,
2137,
2138,
2139,
2140,
2141,
2142,
2143,
2144,
2145,
2146,
2147,
2148,
2149,
2150,
2151,
2152,
2153,
2154,
2155,
2156,
2157,
2158,
2159,
2160,
2161,
2162,
2163,
2164,
2165,
2166,
2167,
2168,
2169,
2170,
2171,
2172,
2173,
2174,
2175,
2176,
2177,
2178,
2179,
2180,
2181,
2182,
2183,
2184,
2185,
2186,
2187,
2188,
2189,
2190,
2191,
2192,
2193,
2194,
2195,
2196,
2197,
2198,
2199,
2200,
2201,
2202,
2203,
2204,
2205,
2206,
2207,
2208,
2209,
2210,
2211,
2212,
2213,
2214,
2215,
2216,
2217,
2218,
2219,
2220,
2221,
2222,
2223,
2224,
2225,
2226,
2227,
2228,
2229,
2230,
2231,
2232,
2233,
2234,
2235,
2236,
2237,
2238,
2239,
2240,
2241,
2242,
2243,
2244,
2245,
2246,
2247,
2248,
2249,
2250,
2251,
2252,
2253,
2254,
2255,
2256,
2257,
2258,
2259,
2260,
2261,
2262,
2263,
2264,
2265,
2266,
2267,
2268,
2269,
2270,
2271,
2272,
2273,
2274,
2275,
2276,
2277,
2278,
2279,
2280,
2281,
2282,
2283,
2284,
2285,
2286,
2287,
2288,
2289,
2290,
2291,
2292,
2293,
2294,
2295,
2296,
2297,
2298,
2299,
2300,
2301,
2302,
2303,
2304,
2305,
2306,
2307,
2308,
2309,
2310,
2311,
2312,
2313,
2314,
2315,
2316,
2317,
2318,
2319,
2320,
2321,
2322,
2323,
2324,
2325,
2326,
2327,
2328,
2329,
2330,
2331,
2332,
2333,
2334,
2335,
2336,
2337,
2338,
2339,
2340,
2341,
2342,
2343,
2344,
2345,
2346,
2347,
2348,
2349,
2350,
2351,
2352,
2353,
2354,
2355,
2356,
2357,
2358,
2359,
2360,
2361,
2362,
2363,
2364,
2365,
2366,
2367,
2368,
2369,
2370,
2371,
2372,
2373,
2374,
2375,
2376,
2377,
2378,
2379,
2380,
2381,
2382,
2383,
2384,
2385,
2386,
2387,
2388,
2389,
2390,
2391,
2392,
2393,
2394,
2395,
2396,
2397,
2398,
2399,
2400,
2401,
2402,
2403,
2404,
2405,
2406,
2407,
2408,
2409,
2410,
2411,
2412,
2413,
2414,
2415,
2416,
2417,
2418,
2419,
2420,
2421,
2422,
2423,
2424,
2425,
2426,
2427,
2428,
2429,
2430,
2431,
2432,
2433,
2434,
2435,
2436,
2437,
2438,
2439,
2440,
2441,
2442,
2443,
2444,
2445,
2446,
2447,
2448,
2449,
2450,
2451,
2452,
2453,
2454,
2455,
2456,
2457,
2458,
2459,
2460,
2461,
2462,
2463,
2464,
2465,
2466,
2467,
2468,
2469,
2470,
2471,
2472,
2473,
2474,
2475,
2476,
2477,
2478,
2479,
2480,
2481,
2482,
2483,
2484,
2485,
2486,
2487,
2488,
2489,
2490,
2491,
2492,
2493,
2494,
2495,
2496,
2497,
2498,
2499,
2500,
2501,
2502,
2503,
2504,
2505,
2506,
2507,
2508,
2509,
2510,
2511,
2512,
2513,
2514,
2515,
2516,
2517,
2518,
2519,
2520,
2521,
2522,
2523,
2524,
2525,
2526,
2527,
2528,
2529,
2530,
2531,
2532,
2533,
2534,
2535,
2536,
2537,
2538,
2539,
2540,
2541,
2542,
2543,
2544,
2545,
2546,
2547,
2548,
2549,
2550,
2551,
2552,
2553,
2554,
2555,
2556,
2557,
2558,
2559,
2560,
2561,
2562,
2563,
2564,
2565,
2566,
2567,
2568,
2569,
2570,
2571,
2572,
2573,
2574,
2575,
2576,
2577,
2578,
2579,
2580,
2581,
2582,
2583,
2584,
2585,
2586,
2587,
2588,
2589,
2590,
2591,
2592,
2593,
2594,
2595,
2596,
2597,
2598,
2599,
2600,
2601,
2602,
2603,
2604,
2605,
2606,
2607,
2608,
2609,
2610,
2611,
2612,
2613,
2614,
2615,
2616,
2617,
2618,
2619,
2620,
2621,
2622,
2623,
2624,
2625,
2626,
2627,
2628,
2629,
2630,
2631,
2632,
2633,
2634,
2635,
2636,
2637,
2638,
2639,
2640,
2641,
2642,
2643,
2644,
2645,
2646,
2647,
2648,
2649,
2650,
2651,
2652,
2653,
2654,
2655,
2656,
2657,
2658,
2659,
2660,
2661,
2662,
2663,
2664,
2665,
2666,
2667,
2668,
2669,
2670,
2671,
2672,
2673,
2674,
2675,
2676,
2677,
2678,
2679,
2680,
2681,
2682,
2683,
2684,
2685,
2686,
2687,
2688,
2689,
2690,
2691,
2692,
2693,
2694,
2695,
2696,
2697,
2698,
2699,
2700,
2701,
2702,
2703,
2704,
2705,
2706,
2707,
2708,
2709,
2710,
2711,
2712,
2713,
2714,
2715,
2716,
2717,
2718,
2719,
2720,
2721,
2722,
2723,
2724,
2725,
2726,
2727,
2728,
2729,
2730,
2731,
2732,
2733,
2734,
2735,
2736,
2737,
2738,
2739,
2740,
2741,
2742,
2743,
2744,
2745,
2746,
2747,
2748,
2749,
2750,
2751,
2752,
2753,
2754,
2755,
2756,
2757,
2758,
2759,
2760,
2761,
2762,
2763,
2764,
2765,
2766,
2767,
2768,
2769,
2770,
2771,
2772,
2773,
2774,
2775,
2776,
2777,
2778,
2779,
2780,
2781,
2782,
2783,
2784,
2785,
2786,
2787,
2788,
2789,
2790,
2791,
2792,
2793,
2794,
2795,
2796,
2797,
2798,
2799,
2800,
2801,
2802,
2803,
2804,
2805,
2806,
2807,
2808,
2809,
2810,
2811,
2812,
2813,
2814,
2815,
2816,
2817,
2818,
2819,
2820,
2821,
2822,
2823,
2824,
2825,
2826,
2827,
2828,
2829,
2830,
2831,
2832,
2833,
2834,
2835,
2836,
2837,
2838,
2839,
2840,
2841,
2842,
2843,
2844,
2845,
2846,
2847,
2848,
2849,
2850,
2851,
2852,
2853,
2854,
2855,
2856,
2857,
2858,
2859,
2860,
2861,
2862,
2863,
2864,
2865,
2866,
2867,
2868,
2869,
2870,
2871,
2872,
2873,
2874,
2875,
2876,
2877,
2878,
2879,
2880,
2881,
2882,
2883,
2884,
2885,
2886,
2887,
2888,
2889,
2890,
2891,
2892,
2893,
2894,
2895,
2896,
2897,
2898,
2899,
2900,
2901,
2902,
2903,
2904,
2905,
2906,
2907,
2908,
2909,
2910,
2911,
2912,
2913,
2914,
2915,
2916,
2917,
2918,
2919,
